解释下面每个 bitset 对象包含的位模式：
(a) bitset<64> bitvec(32);
(b) bitset<32> bv(1010101);
(c) string bstr; cin >> bstr;
bitset<8>bv(bstr);

答:
(a) bitvec [64](0,0,0,0,0,1,0,0,0,0,0,0,0,0,0,0,0,0,0,0,0,0,0,0,0,0,0,0,0,0,0,0,0,0,0,0,0,0,0,0,0,0,0,0,0,0,0,0,0,0,0,0,0,0,0,0,0,0,0,0,0,0,0,0)
(b) bv [32](1,0,1,0,1,1,0,1,1,0,0,1,0,1,1,0,1,1,1,1,0,0,0,0,0,0,0,0,0,0,0,0)
(c) 输入的位模式不够8位时,bstr从右向左bv从低位向高位赋值,其他位为0;当输入的位模式大于8位时,截取bstr前8位,反序截取后的bstr从bv低位向高位赋值. 
//好难表达啊.
举个例子:
bstr = "1100111"	bv [8](1,1,1,0,0,1,1,0]
bstr = "1100111011"	bv [8](0,1,1,1,0,0,1,1]
